display_pdf=C:\Taeron\repo\volthium\hardware\kicad\schematic\build_display\volthium_display.pdf
page=4
clip=(257.565, 147.568, 430.761, 299.25)
nearby_word_boxes:
  'VBUS': (316.39, 192.57, 327.32, 197.052)
  '5': (307.741, 211.047, 312.817, 214.474)
  'U-ESD': (327.565, 217.568, 342.137, 222.05)
  '1': (300.326, 217.741, 303.753, 222.817)
  '6': (321.926, 217.741, 325.353, 222.817)
  'USB_DP': (257.111, 221.37, 273.438, 225.852)
  'USBLC6-2SC6Y': (327.565, 224.768, 360.761, 229.25)
  '3': (300.326, 224.941, 303.753, 230.017)
  '4': (321.926, 224.941, 325.353, 230.017)
  'USB_DM': (256.706, 228.57, 273.436, 233.052)
  '2': (307.741, 239.847, 312.817, 243.274)
  'GND': (316.39, 257.37, 325.027, 261.852)
  'VBUS': (251.59, 293.37, 262.52, 297.852)
pairwise_intersections:
